1700
2400
2800
3900
4000
5800
8300
7900
7900
10700
16800
20200
20400
17600
18400
22300
21200
27700
26700
32800
33500
39300
39900
47300
45800
53800
55700
66000
62000
75500
78900
98800
86600
99500
104000
113900
134900
168200
161400
159000
167400
176100
173200
190900
169300
201400
473600
330100
330500
381400
266600
293100
327100
327800
464200
543900
364300
369600
402700
596000
426200
656600
672700
480600
430100
515800
554900
586700
487400
611400
601900
704400
622300
754100
732700
771700
673400
863900
820800
896900
1189300
1037600
923200
1049500
1030000
1083900
1158800
1161100
1160500
1230400
1677900
1443600
1251100
1660800
1456600
1475500
1309900
1662800
1687400
1702600

