2600
3800
5400
8100
11300
12500
25000
19100
24600
26300
52500
69000
72800
86700
51100
81800
64400
78100
83900
86100
96600
107800
117300
118300
130900
142200
155400
159800
180000
173400
250400
210800
305600
246600
307000
274900
296400
319200
378800
354000
385900
421000
643200
450200
522300
506400
842100
1086300
901000
934100
646900
641500
871700
929900
811400
1118100
978000
892000
918700
1279700
1230600
1092100
1128300
1177100
1091700
1026500
1065000
1386500
1087500
1078900
1549400
1175300
1440100
1245900
1269900
2399500
1367300
1371300
1425900
1543700
1534200
1625000
2652000
1746000
1918500
1715800
2265600
1859600
2008500
1905200
1964100
2188900
2080300
2391800
2265100
2202200
2242900
2328000
2333100
2440600

