108000
109800
130300
125500
197200
223800
359400
497700
490400
585700
843300
3369100
4326600
5024200
657200
762500
874400
859200
1145400
1207800
865700
759300
936500
1572800
1726500
1719300
1253800
2366700
2583500
2845900
1797300
2785500
2650500
2965400
2961100
1060400
3295300
3041400
3287100
3606700
3823000
3989700
4274900
4535100
4926300
5331100
5814200
5961100
6285600
6815000
7276900
7915300
8761600
9849700
10028100
10997200
12037700
11069900
11526300
11889200
11926300
14314700
13061600
19466200
14366700
15211600
19126800
16146900
17143500
17978800
18849600
18840700
20747200
20606800
21478900
22168600
24198600
24764400
25174700
26043300
27643900
27957700
28793100
29735700
32940100
32072300
34041800
34271300
35245100
37016300
37656000
38783000
41111400
41066200
43386000
44971600
45661300
55839600
47751000
49234400

