800
800
900
1000
1400
1700
1600
1900
2200
2700
4100
4500
5400
6100
4400
6700
7600
7500
8600
9600
9000
7400
7500
8700
13400
9800
10100
11100
11900
12300
13300
18200
14800
15300
16000
18400
24600
19400
20000
20600
21400
59800
77700
26200
40400
29000
30700
29600
48300
35300
41200
37900
42300
40500
39800
62100
42900
49200
46500
49100
74200
113500
66500
85800
118200
68600
60100
92100
79500
67700
67400
72400
72500
76000
177900
152900
137500
120000
85000
114900
128500
118600
96600
101800
95800
107100
125200
112400
135700
139400
213800
267200
149800
127000
152700
138800
156000
136200
133200
142100

