2700
4200
5600
10700
13900
13900
25800
25700
23600
27200
53600
61300
72700
78100
63500
75500
66200
71500
154900
108000
130800
103900
113200
161300
140700
148900
158900
163200
181200
177700
202600
211300
222800
261600
262900
283300
294500
369200
336400
368300
373700
554900
652900
443100
461900
489500
625400
533100
850900
645300
611400
875400
983100
806200
1199100
1083100
792300
982100
869500
1258200
1358100
1288200
1375400
989400
1050100
1039600
1051200
1718700
1105300
1106400
1772300
1260800
1258200
1259600
1263700
1299800
1358700
1389500
1727100
1987700
1706000
1619400
2579600
1730300
1657200
1730800
1786400
1792600
1847700
2045800
1936500
2015000
2071700
2256500
2194700
2232700
2252500
2289700
2333900
2415600

