759800
673100
1055700
1617300
1326800
1627500
1751600
1463900
1296600
1626800
5171700
5017600
8075100
8620200
11983100
13573900
13596400
8865700
10676900
10289800
11180800
14271600
15598300
17109500
19071400
24814800
21691400
21415100
26868300
30432400
31040500
67479700
31035200
34363300
38590900
49364600
47809700
50700100
54086100
59180500
62468200
68432500
75505900
79371600
85966100
95298800
97467200
105506500
111036700
121396000
127374100
137234500
159333500
220209100
176656500
190167100
181717600
203089600
209141400
244272700
280399000
232364300
264982600
241242900
307764400
296245500
331549400
340259800
320389900
320331500
337716100
372275700
357875700
397941400
402698900
427642100
452172500
455692500
496501200
523589200
532614300
557547700
561854800
570824400
610162400
621508500
661171000
679723200
695451900
734046400
751378500
764796300
786552500
820855400
854470200
875937700
935289100
951443800
989954500
1010859600

