22500
35600
81600
100600
161800
219700
259200
317500
406400
550400
117900
66700
141700
105800
248000
235900
18500
25000
38900
30800
28800
37900
38900
70700
71600
60200
54700
63400
59200
88800
74100
84700
75900
96100
97300
168500
102700
124200
124300
161800
150500
169600
157300
177800
170000
207500
203400
215900
196500
500900
241600
361200
314100
310600
595800
332200
294600
355100
592100
379500
477600
437400
434500
459500
613800
573300
669800
535800
774300
577300
577400
653300
602600
696900
697300
738400
705600
782600
922200
980100
847200
995200
903200
994300
1042500
1054400
1035600
1109100
999500
1242900
1337000
1466100
1582800
1368200
1525500
1468800
1450600
1620800
1644800
1687800

