66100
114900
77400
120600
183800
176800
355100
360800
508900
709800
791400
2773500
3615400
4905100
495300
557400
876900
853200
867400
756300
1016100
933100
836900
1435300
1668900
1695400
2438700
1591400
1592000
2042100
1958500
1859900
2555800
2630600
2968600
3198100
3511400
3216200
3660200
3779300
3806400
4012000
4321600
4852900
5053000
5268600
5518700
6053900
6318400
6584100
6999200
7449400
9465900
9429900
8981100
10481000
10030800
10162000
10676400
14025200
12076000
13334000
13001200
13745000
15115400
16892500
18339700
16540800
17005200
18462700
19774700
18810600
19593600
20844400
21617300
23926100
23544900
26287000
30578300
28948900
29157900
28512700
29025700
30234800
32055400
33576000
34910800
35423900
35270400
38406300
38614400
40495900
40478300
43697100
42669400
46120000
45129700
48050000
49461300
54496900

