133000
121400
101300
123900
193000
260300
309400
398100
545500
691100
888000
3394600
4093300
5070400
677400
730400
906400
1024200
1114300
757100
936300
1232000
817300
1485600
1780000
1832800
1965700
1926800
1606600
1658300
2098100
1869800
2464600
2691800
3182900
1002700
3479000
2971800
3323800
3462200
3774700
4065400
4365700
4680200
5424700
5433200
5532500
6052200
7130100
7200400
7320700
7576400
8262100
9145800
9435800
10633000
10457700
10203700
11076700
12065500
12975100
13032100
13041800
15568900
15830600
21137200
17503500
17452400
17151300
23188200
18741700
19567300
19931400
20700000
21778800
23157200
24933000
25412800
26790500
28395800
30012600
28568500
31436200
31043200
31227300
32100700
33965700
34910600
36123300
37435500
38585200
40760600
40704100
42112600
43775400
45135800
46234600
47668900
48868200
53314800

