2800
4000
8400
8300
11400
18300
25200
31600
24200
41300
48600
37100
41400
45800
78700
57800
65200
118000
124400
101000
152200
155500
200600
168400
275100
237800
474200
253800
273800
297500
301500
238600
497700
432100
520000
363300
414600
335000
390400
376800
386500
1034400
415800
759100
490700
598900
603600
864100
903600
598100
608700
722000
679900
701400
771400
797800
787800
811500
851600
861600
902200
831300
1009700
1005900
947600
958000
1066600
1173600
1056000
1065500
1113900
1148000
1182900
1284200
1370800
1366700
1450300
1636600
1569000
1623200
1586700
1656300
1605600
1707300
1673900
1745500
1810800
1814500
1874500
1886300
2050100
2025800
2124300
2259000
2206100
2188200
2950400
2644200
3101500
2419500

