65300
122700
130900
140400
100200
359400
216200
235200
919500
2055900
232800
398400
444400
575000
541700
995500
565600
691400
972500
878100
255200
1146300
262800
1639300
1714900
269200
1926600
1663900
636300
2148900
2117800
2193300
309700
2745500
3021000
3269900
3212200
3699200
403600
4316100
4362000
4506300
5036400
5220800
5550300
5992000
3114600
6745600
7080600
7313500
8059000
1700400
8943400
988400
601500
10718000
10865800
11565200
11997700
12615600
13273300
14207300
14613800
15740900
15967000
16818500
17809300
17989100
18748600
20159800
22578300
2887800
12659500
23630200
24248900
25310800
26028200
27373000
28160200
29271800
30146200
36852700
33864200
7989700
5919400
36503900
36736000
2321500
43588400
44334100
42306300
44642800
48137400
48131500
46585600
49810000
52186800
48651800
56537300
11123700

