102500
153000
94000
147600
95400
283900
310800
304300
1066700
2096600
276000
399600
492900
524600
635100
1105500
726400
830700
1059900
839200
364200
1088700
299600
1454800
1640800
420900
1927500
1563000
675900
2117200
2156600
2253900
319000
2664100
2794600
2953400
3238400
3585500
406200
4102400
4463100
4656200
4966800
5248500
5662500
5948000
2893200
6887300
7372800
7370700
8292600
2112100
9129700
993200
606500
10393300
11233900
11642000
13108300
13139000
14521900
14025400
15641900
15678000
17273700
16758200
17958500
18581700
18856400
20175500
22275000
2845500
13485800
26767500
24331300
25465500
26151700
30517300
28271800
29428500
31690100
34092700
33470300
7801000
5853500
36830000
36609700
2448100
40195500
43557200
43630300
44752600
48473500
50382000
47064000
50386600
52521500
48714000
58219300
11508400

