759800
1015900
1540900
1469000
1092700
2616700
2034100
2298600
2996700
4790700
4715400
6285900
7329500
11538300
14351700
16274000
11076600
19430500
15828300
19372600
10527000
24099600
22586200
28610200
32875000
23303400
42549900
42711300
52514600
42300800
60506200
67605700
55496700
106312700
90711100
81942800
81105300
105575500
56706900
108538300
115426900
161830100
142220200
148355800
183941300
190318700
195151000
247993600
261201400
254661900
288315500
230438000
326322000
233080300
171275500
363190700
420123300
443075300
480308700
500100600
499729700
582424500
583463400
566957600
611010400
640451200
900095200
695177500
1058958500
1000184000
1119487200
743285500
966810600
1124120400
1128443800
1113205900
1356662000
1394959400
1296246300
1358406300
1356431400
1621989900
1700886400
1585974000
1466680700
1706063500
1669710400
839546300
2005103300
2214007800
2257334700
2456432100
2446750200
2427724100
2385666300
2942629800
2787543300
2604552900
2757186100
2368614200

