18600
21200
46900
70400
103200
132400
182100
234400
254100
435800
313500
398600
1089500
547800
539700
1053900
1170100
1795300
1480400
2022700
1891100
2742500
1833000
3284900
3337700
2944600
3557800
4431700
4376600
4914500
4142800
5415200
9935100
6038800
12166300
7726300
8504300
10087300
8323200
10964900
11799600
15741100
14571700
10740400
11417100
19836600
21267500
18402700
18758800
20169000
22980000
19721600
20354900
26487500
36271700
25777700
29548000
34819600
23546800
36557100
28065400
34279400
36077800
40397100
40254700
52004600
50603700
33283100
58832800
69870100
58493000
66386200
60863500
64037700
79727200
59296800
92230700
76292700
89337000
74924700
71552500
77371400
73704000
89651000
91698600
118260600
3737800
132882600
92401800
132566500
128947500
115592300
143353000
130418200
133746300
138787400
181022000
174512600
155961900
183176100

