31300
45900
76100
127200
136100
190800
264000
374500
471000
580900
105800
97200
254700
253300
23000
32100
37400
48400
34200
48000
57500
72700
51100
100100
75700
82900
74400
88700
64700
105100
103200
116200
89200
148300
125700
151900
108900
210500
142200
184900
145500
219800
186900
231500
174800
261800
233400
280800
206000
307300
292500
342100
258800
369600
313500
412700
303700
453700
398000
493800
388100
531100
495100
577200
431400
640300
570400
663200
513400
762300
744200
917000
748900
821200
779300
945400
944300
963700
888400
1038100
802700
1218600
1027500
1185500
955700
1263400
1174400
1342400
1097300
1419500
1817600
1537200
1482400
1864800
1785300
2035500
1787800
2358200
1764300
2186400

